SET DESCRIPTION FILE
Instrument #0
Box - Id 0
0 
0 0
0.1860000044107437 0.23900000751018524 -0.05999999865889549 
0.23800000548362732 0.23199999332427979 0.25999999046325684 
0 0 0 0 0 0 0 0
0.5 0.5 0.5
Instrument #1
Box - Id 1
0 
0 0
0.1860000044107437 -0.00299999606795609 -0.05999999865889549 
0.23800000548362732 0.23199999332427979 0.25999999046325684 
0 0 0 0 0 0 0 0
0.5 0.5 0.5
Instrument #2
Box - Id 2
0 
0 0
0.1860000044107437 -0.24500000476837158 -0.05999999865889549 
0.23800000548362732 0.23199999332427979 0.25999999046325684 
0 0 0 0 0 0 0 0
0.5 0.5 0.5
Instrument #3
Box - Id 3
0 
1 0
0.30799999833106995 0.38199999928474426 0.2619999945163727 
0.515999972820282 0.3720000088214874 0.3779999911785126 
0 0 0 0 0 0 0 0
0.5 0.5 0.5
Instrument #4
Box - Id 4
0 
1 0
0.30799999833106995 0.0020000040531158447 0.2619999945163727 
0.515999972820282 0.3720000088214874 0.3779999911785126 
0 0 0 0 0 0 0 0
0.5 0.5 0.5
Instrument #5
Box - Id 5
0 
1 0
0.30799999833106995 -0.3779999911785126 0.2619999945163727 
0.515999972820282 0.3720000088214874 0.3779999911785126 
0 0 0 0 0 0 0 0
0.5 0.5 0.5
Instrument #6
Box - Id 6
0 
2 0
0.27399998903274536 0.004000000189989805 -0.4350000023841858 
0.28200000524520874 0.9599999785423279 0.25200000405311584 
0 0 0 0 0 0 0 0
0.5 0.5 0.5
